160	160	128
185	160	255
279	163	255
185	160	255
185	161	255
185	161	255
276	168	255
185	162	255
185	162	255
186	162	255
275	173	255
186	163	255
160	160	128
268	176	255
160	160	128
267	177	255
160	160	128
266	178	255
265	179	255
265	180	255
264	181	255
264	183	255
264	184	255
264	185	255
263	186	255
263	187	255
263	189	255
262	190	255
262	191	255
262	192	255
261	193	255
261	194	255
261	195	255
261	196	255
260	198	255
260	199	255
260	200	255
259	201	255
259	202	255
259	204	255
258	205	255
258	206	255
257	207	255
256	208	255
256	209	255
255	210	255
255	211	255
189	177	255
189	177	255
188	177	255
187	177	255
186	177	255
186	177	255
186	177	255
185	177	255
186	178	255
186	178	255
160	160	128
160	160	128
250	230	255
160	160	128
250	231	255
160	160	128
249	232	255
249	234	255
248	235	255
247	236	255
247	237	255
247	239	255
246	240	255
245	241	255
160	160	128
160	160	128
160	160	128
160	160	128
160	160	128
160	160	128
160	160	128
160	160	128
160	160	128
160	160	128
160	160	128
160	160	128
160	160	128
160	160	128
160	160	128
160	160	128
160	160	128
160	160	128
160	160	128
160	160	128
160	160	128
160	160	128
231	282	255
160	160	128
230	283	255
160	160	128
230	286	255
229	288	255
160	160	128
160	160	128
160	160	128
160	160	128
160	160	128
160	160	128
160	160	128
163	168	255
160	160	128
160	160	128
162	168	255
162	168	255
162	168	255
161	168	255
161	168	255
160	160	128
161	168	255
160	160	128
161	168	255
161	168	255
160	160	128
161	168	255
160	160	128
161	168	255
161	168	255
160	160	128
160	160	128
160	160	128
161	168	255
160	160	128
161	168	255
160	160	128
160	160	128
160	160	128
160	160	128
160	160	128
160	160	128
160	160	128
160	160	128
160	160	128
160	160	128
160	160	128
160	160	128
160	160	128
160	160	128
159	167	255
159	167	255
159	167	255
158	167	255
160	160	128
160	160	128
158	167	255
160	160	128
158	167	255
160	160	128
158	167	255
160	160	128
158	166	255
160	160	128
158	167	255
160	160	128
158	167	255
160	160	128
158	167	255
160	160	128
160	160	128
160	160	128
157	167	255
160	160	128
160	160	128
160	160	128
160	160	128
160	160	128
160	160	128
160	160	128
160	160	128
156	167	255
156	167	255
155	167	255
155	166	255
156	166	255
156	166	255
156	166	255
156	165	255
156	166	255
156	165	255
155	166	255
155	165	255
160	160	128
155	166	255
160	160	128
155	166	255
160	160	128
155	166	255
155	166	255
154	167	255
155	166	255
155	166	255
154	166	255
160	160	128
160	160	128
155	164	255
160	160	128
155	164	255
160	160	128
155	164	255
160	160	128
155	164	255
155	164	255
160	160	128
154	164	255
154	164	255
160	160	128
160	160	128
152	166	255
160	160	128
152	166	255
160	160	128
152	166	255
151	166	255
153	165	255
151	166	255
151	165	255
151	165	255
151	165	255
151	165	255
151	165	255
151	165	255
151	164	255
151	164	255
160	160	128
160	160	128
151	164	255
160	160	128
151	164	255
160	160	128
151	164	255
151	164	255
160	160	128
151	164	255
160	160	128
160	160	128
150	164	255
160	160	128
160	160	128
160	160	128
153	162	255
153	162	255
153	162	255
152	162	255
152	162	255
152	162	255
152	161	255
152	161	255
152	161	255
160	160	128
152	161	255
160	160	128
152	161	255
152	161	255
151	161	255
151	161	255
151	161	255
151	161	255
151	161	255
160	160	128
160	160	128
151	161	255
160	160	128
151	160	255
160	160	128
160	160	128
160	160	128
151	160	255
160	160	128
151	160	255
160	160	128
151	160	255
160	160	128
160	160	128
160	160	128
160	160	128
160	160	128
160	160	128
160	160	128
160	160	128
160	160	128
130	158	255
160	160	128
117	156	255
160	160	128
118	156	255
118	156	255
160	160	128
133	156	255
160	160	128
160	160	128
146	157	255
146	157	255
160	160	128
160	160	128
160	160	128
160	160	128
134	153	255
135	153	255
135	153	255
135	153	255
135	152	255
135	152	255
135	152	255
135	152	255
135	151	255
135	151	255
135	151	255
135	151	255
135	150	255
135	150	255
136	150	255
135	149	255
160	160	128
160	160	128
109	137	255
160	160	128
109	136	255
110	136	255
110	135	255
110	135	255
111	134	255
111	134	255
111	133	255
111	133	255
112	132	255
112	131	255
111	130	255
160	160	128
-21	41	255
160	160	128
-21	38	255
-20	37	255
160	160	128
-14	34	255
-14	32	255
160	160	128
160	160	128
160	160	128
160	160	128
-71	-38	255
160	160	128
-61	-34	255
160	160	128
-59	-36	255
160	160	128
129	130	255
160	160	128
130	130	255
131	130	255
132	130	255
133	131	255
160	160	128
160	160	128
141	138	255
141	138	255
142	138	255
142	138	255
142	138	255
143	137	255
143	137	255
143	137	255
143	137	255
143	136	255
143	136	255
143	135	255
143	135	255
144	134	255
144	134	255
144	133	255
143	132	255
143	131	255
143	130	255
143	129	255
160	160	128
160	160	128
160	160	128
160	160	128
160	160	128
135	106	255
160	160	128
135	106	255
136	105	255
136	105	255
146	124	255
160	160	128
160	160	128
147	124	255
160	160	128
147	124	255
160	160	128
152	134	255
152	135	255
153	134	255
153	135	255
153	134	255
153	134	255
154	134	255
154	134	255
154	133	255
160	160	128
160	160	128
155	132	255
156	136	255
156	136	255
156	136	255
157	136	255
160	160	128
159	148	255
159	148	255
159	148	255
159	148	255
159	149	255
159	149	255
160	149	255
160	149	255
160	149	255
160	149	255
160	148	255
160	149	255
160	149	255
161	149	255
161	149	255
161	149	255
161	149	255
161	148	255
161	148	255
161	148	255
161	148	255
162	148	255
162	148	255
162	148	255
162	148	255
162	148	255
162	148	255
162	148	255
163	148	255
163	148	255
163	148	255
163	148	255
163	148	255
163	148	255
163	148	255
163	148	255
164	148	255
164	147	255
164	147	255
164	147	255
164	147	255
165	147	255
165	147	255
165	146	255
165	146	255
166	145	255
166	145	255
166	145	255
167	145	255
167	145	255
167	144	255
167	144	255
168	144	255
169	143	255
160	160	128
160	160	128
160	160	128
176	132	255
176	131	255
177	131	255
177	131	255
177	132	255
178	131	255
160	160	128
160	160	128
252	30	255
160	160	128
255	29	255
160	160	128
258	27	255
160	160	128
261	27	255
263	27	255
266	27	255
160	160	128
160	160	128
160	160	128
160	160	128
160	160	128
160	160	128
160	160	128
160	160	128
160	160	128
180	140	255
180	141	255
180	141	255
180	142	255
180	142	255
180	142	255
180	142	255
180	143	255
180	143	255
181	143	255
181	144	255
181	144	255
181	144	255
181	145	255
181	145	255
181	145	255
181	146	255
181	146	255
181	146	255
181	146	255
181	147	255
181	147	255
182	147	255
182	148	255
182	148	255
182	148	255
182	148	255
182	149	255
182	149	255
182	149	255
182	149	255
182	150	255
182	150	255
182	150	255
160	160	128
160	160	128
160	160	128
160	160	128
160	160	128
160	160	128
160	160	128
160	160	128
183	153	255
183	153	255
160	160	128
183	153	255
183	154	255
183	154	255
184	154	255
184	154	255
184	155	255
184	155	255
184	155	255
184	156	255
184	156	255
184	156	255
184	156	255
184	157	255
184	157	255
184	157	255
160	160	128
184	158	255
184	158	255
185	158	255
185	159	255
185	159	255
185	159	255
160	160	128
